010100000
011000010
100100101
010100001
011000010
100100111
010100010
011000010
100101001
010100011
100101011
010100100
100101101
010100011
100101111
010100011
100110001
010100011
100110011
010100011
100110101
100000110
010100101
000000001
100100110
011000110
100100111
100000100
010100110
101100001
111100000
010100110
100100101
010100111
100000010
100000101
101100001
111100001
010100111
100100101
100001100
100000101
000000001
100101110
100001000
010101000
001000001
100110000
100001100
100010001
011100000
100001000
100000111
001100001
100110010
000110010
100110010
100001000
010101001
010000000
100101000
100001000
100010011
111000001
100101000
100001000
010101010
001100001
100101000
100001100
010101001
000000001
100101100
100001100
100001111
101100001
101000010
010100101
100101111
011001010
100110001
100001000
100010001
001000001
100110000
100001100
100010001
011100000
100001000
100000111
001100001
100110010
000110010
100110010
100001000
010101001
010000000
100101000
100001000
100010011
111000001
100101000
100001000
010101010
001100001
100101000
100001010
010101001
000000001
100101010
100001100
010101001
000000001
100101100
100001100
100001111
101100001
101000011
010100100
100101101
011001100
100110001
000110000
100110100
010100011
100000010
100010101
101100001
111100101
100010000
010100101
111000001
100110000
100001100
100010001
011100000
100001100
010101001
000000001
100101100
100001100
100001111
101100001
101000100
110100000
