010100011
100100101
010100100
011000010
100100111
010100011
100101001
010100011
100101011
010101011
100101101
010100011
100101111
010100011
100110001
010100011
100110011
010100011
100110101
010100011
100110111
010100011
100111001
010100011
100111011
010100011
100111101
010100011
100111111
100000110
010101000
001000001
100100110
100000110
010100101
001100001
100111000
100000110
100011001
001000001
100100110
100001010
010100101
000000001
100111100
011011100
100111101
100000111
100101001
010101100
100101111
010101101
100101101
011001110
100111011
100011010
010100101
001100001
100111000
100011010
100011001
001000001
100110110
100010110
010101000
001000001
100110000
100001000
100011101
001100001
100111110
000111110
100111110
100001000
010101001
010000000
100101000
100001000
100011111
111000001
100101000
100001000
010101010
001100001
100101000
100001000
100010001
101100001
111110000
100001010
010101001
000000001
100101010
100001101
100101111
100010000
100001001
101100001
111110001
100001010
010101001
000000001
100101010
100001101
100101111
100001110
010101110
110000001
111110010
010101001
100110011
100001110
010101001
000000001
100101110
100001110
100001101
101100001
101001111
100010010
010100011
110000001
101001110
010100100
100101111
010100011
100110011
011001110
100111011
100011010
010100101
001100001
100111000
100011010
100011001
001000001
100110110
100001110
010100100
110000001
111110100
100010110
010101000
001000001
100101000
100001000
100010111
001000001
100110110
010101000
100000010
100010111
101100001
111110101
010101001
100110011
100010010
010100011
110000001
111110110
100001000
100011101
001100001
100111110
000111110
100111110
100001000
010101001
010000000
100101000
100001000
100011111
111000001
100101000
100001000
010101010
001100001
100101000
100001110
010101001
000000001
100101110
100010010
010100011
110000001
101010011
011001110
100111011
100011010
010100101
001100001
100111000
100011010
100011001
001000001
100110110
100011000
010100101
110000001
111111000
010101001
100111001
000110110
100100100
100010110
100001001
001000001
100110110
100011000
100000101
101100001
111111001
100010100
010100101
011100000
100000100
100011001
101100001
111111010
100010100
010100101
011100000
100011000
100000101
110000001
111111011
100010100
100010111
011100000
100001000
100011101
001100001
100111110
000111110
100111110
100001000
010101001
010000000
100101000
100001000
100011111
111000001
100101000
100001000
010101010
001100001
100101000
100001110
010101001
000000001
100101110
100010100
010101001
000000001
100110100
100001110
010100101
101100001
101010111
100010100
010101000
011100000
100010100
010101001
000000001
100110100
100010100
010100100
101100001
101011100
110100000
